353013
227040
24063
187083
188005
176019
144067
232038
155060
42078
189011
135037
323016
87065
126039
134052
246053
35010
45077
376001
25098
2092
274007
15088
239096
370036
187039
145053
118035
293029
388016
249061
118020
78019
249087
163062
326038
159029
173036
16052
55075
23084
94079
231015
109034
134008
156079
22093
35070
183087
374020
103041
187003
43083
43070
108041
26031
8143
178054
368016
105053
35091
20008
117054
310007
138078
140055
314016
239007
169012
166081
65019
365073
55067
361084
71046
145014
113044
181018
12074
12003
198004
189003
140075
187029
22013
138032
130034
67079
60079
104022
76002
61086
35058
92059
65132
159091
301007
90076
135069
23025
227046
164074
187071
271031
100075
46076
207056
238011
311081
188063
112082
27059
157036
309004
181079
299091
254033
365025
372047
66039
147062
181091
292066
260081
151087
22090
153093
41004
66075
161062
216053
188091
59078
271008
254054
41025
376020
216066
97017
65010
286092
24004
147021
198023
100080
28075
225017
80099
122048
172032
15004
113009
302003
100098
42044
23080
61060
285036
176039
48055
368078
209070
106025
236017
317080
56028
108073
28096
95006
124084
198054
385028
247085
216041
54005
176035
183055
311068
68077
159045
163014
113016
196015
268002
65074
33066
170054
153077
245051
35008
246016
105019
374067
202012
106020
253036
8049
242078
277095
